[header]
width=100
height=7
tilewidth=64
tileheight=64
orientation=orthogonal

[tilesets]
tileset=../Tilesets/tileset.png,64,64,0,0

[layer]
type=Tile Layer 1
data=
32,32,32,32,32,32,32,32,32,32,32,32,32,32,32,32,32,32,32,32,32,32,32,32,32,32,32,32,32,32,32,32,32,32,32,32,32,32,32,32,32,32,32,32,32,32,32,32,32,32,32,32,32,32,32,32,32,32,32,32,32,32,32,32,32,32,32,32,32,32,32,32,32,32,32,32,32,32,32,32,32,32,32,32,32,32,32,32,32,32,32,32,32,32,32,32,32,32,32,32,
32,91,0,0,0,64,64,64,64,64,64,64,0,91,0,64,64,64,64,64,64,64,64,64,64,64,64,64,64,64,64,64,64,64,0,91,0,64,64,64,64,64,64,64,64,64,64,64,64,64,64,64,64,0,91,0,64,64,64,64,64,64,64,64,64,64,64,64,64,64,64,64,0,91,0,64,64,64,64,64,64,64,64,64,64,64,0,91,0,64,64,64,64,64,64,64,64,0,0,32,
32,0,0,0,0,0,0,0,0,0,0,0,0,0,0,0,0,0,0,0,0,0,0,0,0,0,0,0,0,0,0,0,0,0,0,0,0,0,0,0,0,0,0,0,0,0,0,0,0,0,0,0,0,0,0,0,0,0,0,0,0,0,0,0,0,0,0,0,0,0,0,0,0,0,0,0,0,0,0,0,0,0,0,0,0,0,0,0,0,0,0,0,0,0,0,0,0,0,0,32,
32,0,0,0,0,0,0,0,0,0,0,0,0,0,0,0,0,0,0,0,0,0,0,0,0,0,0,0,0,0,0,0,0,0,0,0,0,0,0,0,0,0,0,0,0,0,0,0,0,0,0,0,0,0,0,0,0,0,0,0,0,0,0,0,0,0,0,0,0,0,0,0,0,0,0,0,0,0,0,0,0,0,0,0,0,0,0,0,0,0,0,0,0,0,0,0,0,0,91,32,
32,34,34,34,34,0,0,0,0,0,0,0,0,0,0,0,0,0,0,0,0,0,0,0,0,0,0,0,0,0,0,0,0,0,0,0,0,0,0,0,0,0,0,0,0,0,0,0,0,0,0,0,0,0,0,0,0,0,0,0,0,0,0,0,0,0,0,0,0,0,0,0,0,0,0,0,0,0,0,0,0,0,0,0,0,0,0,0,0,0,0,0,0,0,0,0,0,0,100,32,
32,32,32,32,32,61,61,61,61,61,61,61,61,34,61,61,61,61,61,61,61,61,61,61,61,61,61,61,61,61,61,61,61,61,61,34,61,61,61,61,61,61,61,61,61,61,61,61,61,61,61,61,61,61,34,61,61,61,61,61,61,61,61,61,61,61,61,61,61,61,61,61,61,34,61,61,61,61,61,61,61,61,61,61,61,61,61,34,61,61,61,61,61,61,61,61,61,61,34,32,
32,32,32,32,32,34,34,34,34,34,34,34,34,32,34,34,34,34,34,34,34,34,34,34,34,34,34,34,34,34,34,34,34,34,34,32,34,34,34,34,34,34,34,34,34,34,34,34,34,34,34,34,34,34,32,34,34,34,34,34,34,34,34,34,34,34,34,34,34,34,34,34,34,32,34,34,34,34,34,34,34,34,34,34,34,34,34,32,34,34,34,34,34,34,34,34,34,34,32,32

