[header]
width=45
height=3
tilewidth=64
tileheight=64
orientation=orthogonal

[tilesets]
tileset=../Tilesets/tileset.png,64,64,0,0

[layer]
type=Tile Layer 1
data=
32,32,32,32,32,32,32,32,32,32,32,32,32,32,32,32,32,32,32,32,32,32,32,32,32,32,32,32,32,32,32,32,32,32,32,32,32,32,32,32,32,32,32,32,32,
32,100,91,91,91,0,0,0,0,0,94,0,0,94,0,0,0,0,94,0,0,0,94,94,0,0,0,0,94,94,0,0,0,94,0,0,0,94,0,0,91,91,91,91,32,
32,34,34,34,34,34,34,34,34,34,34,34,34,34,34,34,34,34,34,34,34,34,34,34,34,34,34,34,34,34,34,34,34,34,34,34,34,34,34,34,34,34,34,34,32

